Value counts for column: Protein_position

Protein_position
NaN        6678
234.0       130
67.0        118
28.0        114
27.0        113
19.0        112
66.0        111
72.0        110
57.0        110
46.0        106
36.0        106
5.0         105
38.0        105
33.0        105
161.0       104
112.0       103
8.0         103
141.0       103
3.0         102
96.0        101
52.0        101
174.0        98
17.0         97
191.0        97
103.0        97
123.0        97
105.0        95
10.0         95
86.0         94
99.0         94
131.0        93
202.0        93
9.0          93
45.0         93
24.0         92
43.0         91
111.0        91
62.0         91
92.0         90
34.0         90
104.0        89
151.0        89
7.0          89
39.0         88
117.0        88
65.0         88
118.0        87
155.0        87
109.0        87
211.0        87
162.0        87
23.0         86
31.0         85
48.0         85
145.0        85
102.0        84
20.0         84
115.0        84
97.0         84
18.0         84
128.0        84
61.0         84
14.0         83
156.0        83
75.0         83
207.0        83
297.0        82
175.0        82
42.0         82
185.0        82
32.0         82
259.0        82
6.0          82
78.0         82
100.0        82
29.0         82
59.0         81
114.0        81
420.0        81
15.0         81
269.0        81
172.0        80
89.0         80
110.0        80
134.0        79
50.0         79
106.0        79
158.0        79
68.0         79
219.0        79
21.0         78
171.0        78
16.0         78
282.0        78
324.0        78
186.0        78
124.0        78
183.0        78
159.0        78
116.0        77
136.0        77
243.0        77
153.0        77
22.0         77
262.0        77
314.0        77
129.0        77
58.0         77
284.0        77
107.0        76
55.0         76
168.0        76
44.0         76
157.0        76
13.0         76
181.0        76
232.0        76
272.0        76
176.0        76
149.0        75
77.0         75
63.0         75
260.0        75
192.0        75
101.0        74
12.0         74
142.0        74
140.0        74
73.0         74
294.0        74
35.0         74
126.0        74
113.0        74
279.0        74
122.0        74
83.0         73
81.0         73
30.0         73
84.0         73
4.0          73
26.0         73
56.0         73
87.0         73
288.0        72
213.0        72
2.0          72
190.0        72
74.0         72
54.0         72
69.0         72
313.0        71
482.0        71
291.0        71
40.0         71
242.0        70
25.0         70
164.0        70
82.0         70
182.0        70
88.0         70
203.0        69
70.0         69
138.0        69
37.0         68
227.0        68
119.0        68
220.0        68
218.0        68
93.0         68
271.0        68
253.0        67
216.0        67
312.0        67
64.0         67
267.0        67
71.0         66
76.0         66
41.0         66
177.0        65
406.0        65
298.0        65
239.0        65
266.0        65
316.0        65
133.0        65
471.0        64
506.0        64
163.0        64
47.0         64
85.0         64
189.0        64
283.0        64
391.0        64
125.0        64
49.0         63
169.0        63
405.0        63
257.0        63
226.0        63
135.0        63
91.0         63
215.0        63
146.0        62
428.0        62
246.0        62
147.0        62
80.0         62
214.0        62
204.0        62
235.0        62
370.0        62
199.0        61
268.0        61
322.0        61
486.0        61
11.0         61
108.0        61
198.0        61
79.0         61
132.0        61
178.0        61
60.0         61
254.0        61
326.0        60
258.0        60
445.0        60
417.0        60
209.0        60
223.0        60
94.0         60
154.0        60
228.0        60
150.0        60
221.0        60
231.0        60
144.0        59
197.0        59
278.0        59
274.0        59
349.0        59
120.0        59
53.0         59
455.0        59
377.0        58
233.0        58
299.0        58
252.0        58
388.0        58
436.0        58
195.0        58
193.0        58
210.0        58
264.0        58
241.0        58
90.0         58
392.0        58
127.0        57
187.0        57
293.0        57
170.0        57
265.0        57
130.0        57
280.0        57
363.0        57
348.0        57
378.0        57
137.0        56
167.0        56
295.0        56
247.0        56
121.0        56
248.0        56
399.0        55
200.0        55
311.0        55
550.0        55
317.0        55
206.0        55
244.0        55
300.0        55
325.0        54
201.0        54
358.0        54
188.0        54
422.0        54
143.0        54
275.0        54
480.0        54
245.0        54
152.0        53
250.0        53
251.0        53
438.0        53
160.0        53
307.0        53
98.0         53
296.0        53
359.0        53
393.0        53
230.0        53
224.0        53
179.0        53
249.0        53
425.0        53
148.0        53
344.0        52
229.0        52
470.0        52
208.0        52
356.0        52
180.0        52
305.0        52
441.0        52
546.0        52
95.0         52
238.0        52
217.0        52
318.0        52
205.0        51
194.0        51
222.0        51
165.0        51
261.0        51
418.0        51
336.0        51
379.0        50
352.0        50
270.0        50
366.0        50
423.0        50
629.0        50
574.0        50
315.0        50
380.0        50
292.0        49
401.0        49
337.0        49
263.0        49
319.0        49
457.0        49
173.0        49
237.0        49
350.0        48
389.0        48
302.0        48
541.0        48
467.0        48
355.0        48
498.0        48
225.0        48
329.0        48
51.0         48
353.0        47
330.0        47
390.0        47
286.0        47
323.0        47
368.0        47
327.0        47
444.0        46
139.0        46
196.0        46
409.0        46
304.0        46
463.0        46
499.0        46
321.0        46
306.0        45
276.0        45
334.0        45
277.0        45
212.0        45
273.0        45
362.0        45
479.0        45
335.0        44
338.0        44
500.0        44
166.0        44
432.0        44
328.0        44
871.0        44
289.0        44
320.0        44
521.0        44
367.0        43
415.0        43
365.0        43
256.0        43
351.0        43
465.0        43
381.0        43
644.0        43
501.0        43
527.0        43
309.0        43
413.0        43
240.0        43
806.0        42
371.0        42
287.0        42
281.0        42
466.0        42
434.0        42
416.0        42
357.0        42
385.0        42
383.0        41
384.0        41
345.0        41
303.0        41
386.0        41
331.0        41
301.0        41
424.0        41
184.0        41
394.0        41
604.0        40
308.0        40
507.0        40
617.0        40
339.0        40
361.0        40
412.0        40
343.0        40
431.0        40
462.0        40
485.0        40
354.0        40
376.0        40
496.0        39
374.0        39
364.0        39
645.0        39
524.0        39
387.0        39
658.0        39
694.0        39
435.0        39
332.0        39
497.0        39
567.0        39
442.0        39
397.0        39
398.0        39
495.0        39
443.0        38
429.0        38
342.0        38
522.0        38
533.0        38
816.0        38
473.0        38
403.0        38
404.0        38
255.0        38
509.0        38
529.0        37
346.0        37
472.0        37
456.0        37
395.0        37
637.0        37
447.0        37
427.0        37
290.0        37
1064.0       37
369.0        36
769.0        36
433.0        36
449.0        36
333.0        36
446.0        36
402.0        36
587.0        36
421.0        36
558.0        35
285.0        35
503.0        35
724.0        35
236.0        35
523.0        35
475.0        35
437.0        35
410.0        35
545.0        35
464.0        35
439.0        35
382.0        35
539.0        35
508.0        35
655.0        35
407.0        35
614.0        35
375.0        35
372.0        34
493.0        34
692.0        34
494.0        34
469.0        34
815.0        34
787.0        34
592.0        33
489.0        33
578.0        33
589.0        33
477.0        33
638.0        32
562.0        32
670.0        32
651.0        32
772.0        32
675.0        32
585.0        32
544.0        32
373.0        32
483.0        32
461.0        31
900.0        31
642.0        31
400.0        31
569.0        31
310.0        31
340.0        31
949.0        31
408.0        31
606.0        30
426.0        30
609.0        30
591.0        30
514.0        30
502.0        30
1038.0       30
534.0        30
656.0        30
1521.0       30
727.0        30
518.0        30
549.0        30
440.0        29
515.0        29
919.0        29
454.0        29
511.0        29
650.0        29
430.0        29
668.0        29
505.0        29
341.0        29
925.0        29
535.0        28
842.0        28
575.0        28
396.0        28
862.0        28
347.0        28
796.0        28
525.0        28
711.0        28
537.0        28
490.0        28
556.0        28
516.0        27
474.0        27
652.0        27
823.0        27
1043.0       27
1007.0       27
834.0        27
571.0        27
538.0        27
830.0        27
628.0        27
612.0        27
568.0        27
594.0        26
452.0        26
1013.0       26
723.0        26
691.0        26
360.0        26
492.0        26
419.0        26
451.0        26
590.0        26
603.0        26
906.0        26
526.0        26
845.0        26
659.0        26
536.0        26
448.0        26
510.0        26
607.0        25
476.0        25
1213.0       25
579.0        25
487.0        25
924.0        25
714.0        25
414.0        25
819.0        25
672.0        25
1.0          25
641.0        25
666.0        25
999.0        25
627.0        25
654.0        24
837.0        24
914.0        24
517.0        24
879.0        24
520.0        24
478.0        24
513.0        24
458.0        24
573.0        24
596.0        24
1074.0       24
733.0        24
648.0        24
687.0        23
1183.0       23
829.0        23
892.0        23
488.0        23
459.0        23
623.0        23
751.0        23
584.0        23
708.0        23
553.0        23
504.0        23
564.0        23
1203.0       23
784.0        23
1137.0       23
561.0        22
1200.0       22
766.0        22
902.0        22
1275.0       22
468.0        22
1510.0       22
491.0        22
921.0        22
777.0        22
600.0        22
560.0        22
620.0        22
903.0        22
713.0        22
601.0        22
530.0        22
1141.0       21
1348.0       21
640.0        21
657.0        21
450.0        21
1063.0       21
547.0        21
552.0        21
570.0        21
800.0        21
613.0        21
1084.0       21
697.0        21
771.0        21
991.0        21
548.0        21
577.0        21
912.0        21
595.0        21
460.0        21
678.0        21
661.0        21
1461.0       21
528.0        20
674.0        20
790.0        20
864.0        20
1019.0       20
669.0        20
1080.0       20
566.0        20
679.0        20
1077.0       20
735.0        20
602.0        20
761.0        20
1123.0       20
619.0        20
877.0        20
559.0        20
581.0        19
848.0        19
1108.0       19
626.0        19
730.0        19
865.0        19
755.0        19
698.0        19
608.0        19
481.0        19
683.0        19
580.0        19
1058.0       19
565.0        19
889.0        19
1014.0       19
532.0        19
849.0        19
611.0        19
599.0        19
597.0        19
732.0        19
1093.0       19
792.0        19
621.0        19
762.0        19
411.0        19
897.0        19
939.0        19
742.0        18
1023.0       18
913.0        18
1219.0       18
1300.0       18
664.0        18
878.0        18
693.0        18
743.0        18
622.0        18
563.0        18
786.0        18
904.0        18
1273.0       18
453.0        18
822.0        18
572.0        18
710.0        18
1691.0       18
820.0        18
686.0        18
709.0        18
1312.0       18
649.0        18
835.0        18
936.0        18
890.0        18
551.0        18
704.0        18
677.0        18
1851.0       18
981.0        18
543.0        18
802.0        17
838.0        17
1012.0       17
583.0        17
695.0        17
576.0        17
891.0        17
1418.0       17
1205.0       17
610.0        17
512.0        17
942.0        17
988.0        17
957.0        17
1091.0       17
615.0        17
997.0        17
831.0        17
690.0        17
737.0        17
847.0        17
1174.0       17
586.0        17
986.0        17
916.0        17
1457.0       17
484.0        17
923.0        17
1125.0       17
632.0        16
717.0        16
899.0        16
662.0        16
1822.0       16
773.0        16
625.0        16
716.0        16
987.0        16
741.0        16
588.0        16
1053.0       16
1152.0       16
1409.0       16
667.0        16
803.0        16
699.0        16
1052.0       16
616.0        16
2466.0       16
836.0        16
1316.0       16
765.0        16
1170.0       16
1101.0       16
1360.0       16
725.0        16
1445.0       16
1983.0       16
758.0        15
1066.0       15
798.0        15
712.0        15
846.0        15
826.0        15
909.0        15
789.0        15
745.0        15
1107.0       15
1187.0       15
639.0        15
531.0        15
1364.0       15
519.0        15
703.0        15
807.0        15
729.0        15
2171.0       15
793.0        15
814.0        15
809.0        15
540.0        15
736.0        15
1003.0       15
757.0        15
1065.0       15
768.0        15
555.0        15
1155.0       14
3117.0       14
971.0        14
1061.0       14
631.0        14
1163.0       14
684.0        14
673.0        14
653.0        14
676.0        14
598.0        14
1339.0       14
1022.0       14
763.0        14
1286.0       14
1046.0       14
1127.0       14
1048.0       14
1577.0       14
867.0        14
930.0        14
1161.0       14
2223.0       14
1122.0       14
719.0        14
1236.0       14
825.0        14
2933.0       14
1367.0       14
858.0        14
894.0        14
1315.0       14
911.0        14
1146.0       14
1698.0       14
1195.0       14
1436.0       14
4059.0       14
1119.0       14
1020.0       14
994.0        14
782.0        13
779.0        13
554.0        13
1005.0       13
778.0        13
3121.0       13
633.0        13
748.0        13
964.0        13
671.0        13
1124.0       13
1693.0       13
1369.0       13
2360.0       13
760.0        13
605.0        13
681.0        13
776.0        13
1190.0       13
756.0        13
688.0        13
872.0        13
1017.0       13
660.0        13
770.0        13
731.0        13
740.0        13
582.0        13
665.0        13
739.0        13
618.0        13
851.0        13
1116.0       13
1493.0       13
1162.0       13
977.0        13
701.0        13
718.0        13
874.0        13
1004.0       12
706.0        12
998.0        12
643.0        12
1386.0       12
753.0        12
804.0        12
774.0        12
715.0        12
965.0        12
634.0        12
821.0        12
1320.0       12
630.0        12
887.0        12
734.0        12
958.0        12
801.0        12
840.0        12
855.0        12
2084.0       12
860.0        12
1253.0       12
3554.0       12
1018.0       12
721.0        12
1033.0       12
1491.0       12
828.0        12
707.0        12
696.0        12
780.0        12
1428.0       12
795.0        12
720.0        12
1057.0       12
1011.0       12
1962.0       12
1042.0       12
1678.0       12
1311.0       12
1960.0       12
799.0        12
1186.0       12
726.0        12
1756.0       12
1001.0       12
728.0        12
1097.0       12
1430.0       11
750.0        11
980.0        11
1111.0       11
752.0        11
764.0        11
1085.0       11
932.0        11
896.0        11
1071.0       11
2185.0       11
934.0        11
636.0        11
1113.0       11
705.0        11
993.0        11
863.0        11
850.0        11
542.0        11
817.0        11
4367.0       11
685.0        11
960.0        11
950.0        11
1243.0       11
852.0        11
918.0        11
929.0        11
1221.0       11
646.0        11
1034.0       11
1030.0       11
2625.0       11
954.0        11
973.0        11
944.0        11
1353.0       11
738.0        11
1075.0       11
857.0        11
844.0        11
843.0        11
970.0        11
1039.0       11
1319.0       11
805.0        11
1129.0       11
869.0        11
1037.0       11
1511.0       11
1062.0       11
882.0        11
880.0        10
841.0        10
1860.0       10
1529.0       10
1051.0       10
1082.0       10
722.0        10
1031.0       10
783.0        10
1188.0       10
1306.0       10
833.0        10
885.0        10
969.0        10
1595.0       10
832.0        10
1613.0       10
1245.0       10
1010.0       10
1361.0       10
827.0        10
1762.0       10
3899.0       10
883.0        10
1126.0       10
635.0        10
1202.0       10
810.0        10
1540.0       10
1134.0       10
898.0        10
2053.0       10
1132.0       10
1059.0       10
1295.0       10
759.0        10
1028.0       10
1092.0       10
920.0        10
811.0        10
938.0        10
1068.0       10
4170.0       10
926.0        10
1532.0       10
1159.0       10
1336.0       10
1086.0       10
876.0         9
1160.0        9
1184.0        9
1340.0        9
1366.0        9
854.0         9
1204.0        9
1098.0        9
808.0         9
968.0         9
647.0         9
744.0         9
884.0         9
961.0         9
767.0         9
983.0         9
1024.0        9
922.0         9
1446.0        9
593.0         9
754.0         9
888.0         9
1433.0        9
794.0         9
1088.0        9
915.0         9
1535.0        9
746.0         9
781.0         9
557.0         9
1231.0        9
1192.0        9
682.0         9
1443.0        9
1072.0        9
702.0         9
1176.0        9
1179.0        9
928.0         9
1109.0        9
1199.0        9
1399.0        8
1597.0        8
1165.0        8
1104.0        8
1274.0        8
747.0         8
984.0         8
1156.0        8
2968.0        8
1288.0        8
948.0         8
992.0         8
2418.0        8
1106.0        8
2493.0        8
953.0         8
972.0         8
1483.0        8
2303.0        8
663.0         8
1045.0        8
1349.0        8
700.0         8
1350.0        8
1437.0        8
886.0         8
1050.0        8
956.0         8
1177.0        8
1217.0        8
1067.0        8
1181.0        8
1270.0        8
1629.0        8
1036.0        8
941.0         8
1310.0        8
1224.0        8
1049.0        8
1242.0        8
982.0         8
1198.0        8
952.0         8
1579.0        8
1015.0        8
1099.0        8
1448.0        8
749.0         8
931.0         8
905.0         8
1234.0        8
1893.0        7
1136.0        7
1708.0        7
935.0         7
1502.0        7
870.0         7
937.0         7
1439.0        7
1258.0        7
945.0         7
3612.0        7
1054.0        7
1083.0        7
1908.0        7
1845.0        7
1876.0        7
907.0         7
2285.0        7
775.0         7
1657.0        7
1144.0        7
962.0         7
1632.0        7
797.0         7
1514.0        7
1390.0        7
1324.0        7
1128.0        7
1078.0        7
1778.0        7
689.0         7
1167.0        7
1958.0        7
1223.0        7
1954.0        7
1313.0        7
1131.0        7
959.0         7
1076.0        7
1373.0        7
996.0         7
940.0         7
1194.0        7
791.0         7
859.0         7
1002.0        7
1209.0        7
917.0         7
1178.0        7
2545.0        7
785.0         7
1287.0        7
868.0         7
3244.0        7
1699.0        7
1675.0        7
1032.0        7
881.0         7
1641.0        7
910.0         7
1140.0        7
813.0         7
1799.0        7
933.0         7
1572.0        7
1133.0        7
1513.0        7
1210.0        7
974.0         7
1228.0        7
1009.0        7
624.0         6
1612.0        6
1351.0        6
1117.0        6
1267.0        6
1380.0        6
967.0         6
2792.0        6
1147.0        6
1662.0        6
1189.0        6
1216.0        6
1264.0        6
1377.0        6
1166.0        6
1808.0        6
901.0         6
1222.0        6
1169.0        6
1826.0        6
1666.0        6
1079.0        6
1265.0        6
1257.0        6
1850.0        6
1293.0        6
1343.0        6
1069.0        6
2277.0        6
1070.0        6
1376.0        6
861.0         6
1392.0        6
1909.0        6
1055.0        6
2131.0        6
1294.0        6
1139.0        6
1149.0        6
1665.0        6
1736.0        6
812.0         6
1853.0        6
1225.0        6
1424.0        6
1819.0        6
1416.0        6
1894.0        6
1508.0        6
1674.0        6
1703.0        6
1621.0        6
978.0         6
1829.0        6
1025.0        6
1094.0        6
1089.0        6
1646.0        6
1429.0        6
856.0         6
1328.0        6
1040.0        6
1006.0        6
1344.0        6
1021.0        6
873.0         6
1522.0        6
1602.0        6
1297.0        6
1774.0        6
1426.0        6
1029.0        6
1290.0        6
1423.0        6
1334.0        6
908.0         6
2895.0        6
1833.0        6
1095.0        6
1485.0        6
1000.0        6
1447.0        5
1614.0        5
818.0         5
1130.0        5
2395.0        5
1647.0        5
947.0         5
1371.0        5
1008.0        5
1638.0        5
1516.0        5
1412.0        5
1317.0        5
1617.0        5
1384.0        5
1403.0        5
975.0         5
1414.0        5
946.0         5
1338.0        5
1941.0        5
824.0         5
1143.0        5
2111.0        5
853.0         5
1047.0        5
1233.0        5
1767.0        5
1560.0        5
2146.0        5
1308.0        5
1539.0        5
2213.0        5
1326.0        5
1953.0        5
1668.0        5
1835.0        5
1056.0        5
1640.0        5
1898.0        5
2054.0        5
1520.0        5
3072.0        5
1239.0        5
985.0         5
1472.0        5
1425.0        5
1610.0        5
893.0         5
1405.0        5
1551.0        5
1744.0        5
1828.0        5
955.0         5
1488.0        5
1543.0        5
1684.0        5
2196.0        5
1463.0        5
1620.0        5
1157.0        5
1453.0        5
1263.0        5
2016.0        5
2826.0        5
1727.0        5
1387.0        5
1356.0        5
866.0         5
2937.0        5
2401.0        5
1545.0        5
1687.0        5
2066.0        5
995.0         5
1519.0        5
1606.0        5
1757.0        5
2730.0        5
1172.0        5
1624.0        5
1625.0        5
1633.0        5
1503.0        5
1041.0        5
2143.0        5
1477.0        5
1701.0        5
1505.0        5
2136.0        5
1636.0        5
1196.0        5
1534.0        5
1504.0        5
1396.0        5
2118.0        5
1087.0        5
2292.0        5
1465.0        5
1827.0        5
1208.0        5
1145.0        5
1752.0        5
1842.0        5
1158.0        5
1449.0        5
1728.0        5
680.0         5
1391.0        5
1673.0        5
990.0         5
1027.0        5
1285.0        5
1266.0        5
2274.0        5
943.0         5
2339.0        5
2108.0        5
1791.0        5
1454.0        5
2447.0        5
2647.0        5
1246.0        4
1569.0        4
1600.0        4
1820.0        4
1903.0        4
1220.0        4
1811.0        4
3062.0        4
1749.0        4
1330.0        4
1714.0        4
3163.0        4
1385.0        4
1738.0        4
1837.0        4
1947.0        4
1490.0        4
3904.0        4
1875.0        4
1171.0        4
1118.0        4
1509.0        4
1965.0        4
1873.0        4
1854.0        4
1421.0        4
1419.0        4
1168.0        4
1527.0        4
1558.0        4
2027.0        4
1110.0        4
1100.0        4
1154.0        4
2110.0        4
1138.0        4
3550.0        4
1249.0        4
1858.0        4
1694.0        4
2018.0        4
1968.0        4
3497.0        4
1307.0        4
1607.0        4
1609.0        4
1482.0        4
2087.0        4
1660.0        4
1897.0        4
2614.0        4
1354.0        4
1218.0        4
2506.0        4
1301.0        4
1676.0        4
1105.0        4
2139.0        4
1261.0        4
1938.0        4
1948.0        4
1754.0        4
1823.0        4
2060.0        4
2779.0        4
2358.0        4
1883.0        4
2715.0        4
1254.0        4
1706.0        4
1044.0        4
1581.0        4
1855.0        4
2535.0        4
1763.0        4
839.0         4
2046.0        4
1314.0        4
1585.0        4
2412.0        4
1716.0        4
1252.0        4
1891.0        4
1967.0        4
1321.0        4
1481.0        4
2436.0        4
1739.0        4
1470.0        4
1406.0        4
1489.0        4
1910.0        4
1332.0        4
1441.0        4
1185.0        4
788.0         4
1925.0        4
1296.0        4
1374.0        4
1281.0        4
1269.0        4
2855.0        4
875.0         4
1986.0        4
2520.0        4
1564.0        4
1885.0        4
1164.0        4
1420.0        4
1670.0        4
2153.0        4
1803.0        4
2307.0        4
2610.0        4
1637.0        4
2161.0        4
1291.0        4
966.0         4
1342.0        4
2237.0        4
3216.0        4
1248.0        4
1305.0        4
1459.0        4
1381.0        4
976.0         4
1468.0        4
2271.0        4
2727.0        4
2229.0        4
1460.0        4
1394.0        4
1599.0        4
1920.0        4
2291.0        4
1440.0        4
1102.0        4
1663.0        4
1299.0        4
2800.0        4
2574.0        4
1840.0        4
2228.0        4
2106.0        4
3334.0        4
1226.0        4
1725.0        4
2297.0        4
1150.0        4
1734.0        4
1413.0        4
1567.0        4
1589.0        4
1538.0        4
1115.0        4
989.0         4
1035.0        4
927.0         3
2148.0        3
1103.0        3
1279.0        3
1435.0        3
1081.0        3
1996.0        3
1809.0        3
1153.0        3
2562.0        3
2414.0        3
1148.0        3
2113.0        3
2120.0        3
2682.0        3
2119.0        3
1207.0        3
2781.0        3
1818.0        3
3339.0        3
1501.0        3
1180.0        3
1401.0        3
1283.0        3
1201.0        3
1806.0        3
1574.0        3
1280.0        3
1345.0        3
1797.0        3
1848.0        3
1292.0        3
1559.0        3
1515.0        3
1211.0        3
1681.0        3
1871.0        3
2750.0        3
1857.0        3
1244.0        3
2539.0        3
2343.0        3
1760.0        3
2452.0        3
1298.0        3
1586.0        3
1173.0        3
1817.0        3
1755.0        3
1622.0        3
3313.0        3
1462.0        3
1758.0        3
1605.0        3
2864.0        3
1626.0        3
1506.0        3
1456.0        3
1861.0        3
1255.0        3
1771.0        3
1924.0        3
2062.0        3
1700.0        3
1616.0        3
2166.0        3
1568.0        3
1400.0        3
1867.0        3
2211.0        3
4440.0        3
1415.0        3
3261.0        3
1016.0        3
1500.0        3
2419.0        3
4111.0        3
2137.0        3
2007.0        3
2301.0        3
1824.0        3
1973.0        3
2001.0        3
2935.0        3
2770.0        3
1121.0        3
4220.0        3
1215.0        3
2513.0        3
1975.0        3
2195.0        3
3290.0        3
2568.0        3
2369.0        3
1475.0        3
3050.0        3
1709.0        3
1880.0        3
3947.0        3
1214.0        3
2072.0        3
1235.0        3
1060.0        3
2501.0        3
3330.0        3
2587.0        3
2880.0        3
3151.0        3
1494.0        3
2499.0        3
4758.0        3
4692.0        3
1659.0        3
2759.0        3
2034.0        3
1096.0        3
2889.0        3
2293.0        3
4456.0        3
2173.0        3
1878.0        3
1905.0        3
4060.0        3
2067.0        3
2434.0        3
1272.0        3
1486.0        3
1781.0        3
1573.0        3
1393.0        3
2674.0        3
2425.0        3
2083.0        3
2856.0        3
2672.0        3
1832.0        3
2558.0        3
1417.0        3
1531.0        3
1329.0        3
1591.0        3
1768.0        3
1711.0        3
1712.0        3
2017.0        3
4036.0        3
4115.0        3
3969.0        3
1260.0        3
3939.0        3
2003.0        3
1289.0        3
2659.0        3
3275.0        3
1704.0        3
2345.0        3
1499.0        3
2282.0        3
5210.0        3
1444.0        3
1331.0        3
1696.0        3
1870.0        3
2097.0        3
1603.0        3
1995.0        3
2065.0        3
1276.0        3
1397.0        3
1112.0        3
19105.0       3
23610.0       3
26225.0       3
2022.0        3
1584.0        3
1229.0        3
2125.0        3
1497.0        3
1524.0        3
963.0         3
1323.0        3
1370.0        3
2996.0        3
1902.0        3
2324.0        3
1197.0        3
1232.0        3
1206.0        3
1284.0        3
3491.0        3
1593.0        3
1549.0        3
2036.0        3
1689.0        3
2021.0        3
1631.0        3
2786.0        3
1090.0        3
2177.0        3
1720.0        3
2702.0        3
2219.0        3
2040.0        3
1120.0        3
1268.0        3
1528.0        3
2311.0        3
1935.0        3
2416.0        3
2314.0        3
1790.0        3
2777.0        3
1805.0        3
2310.0        3
1683.0        3
1913.0        3
2481.0        3
1743.0        3
1642.0        3
2312.0        3
1452.0        3
1408.0        3
2265.0        3
2284.0        3
1335.0        3
2321.0        3
1318.0        3
2142.0        3
1026.0        3
4302.0        3
2059.0        3
979.0         3
1718.0        3
2475.0        3
1697.0        3
1562.0        3
1608.0        3
2370.0        3
2956.0        3
10622.0       3
2224.0        3
11096.0       3
2331.0        3
951.0         3
2863.0        3
1512.0        3
2023.0        3
3433.0        2
3564.0        2
2812.0        2
2232.0        2
3028.0        2
4043.0        2
3208.0        2
3642.0        2
2268.0        2
2948.0        2
1807.0        2
4480.0        2
1751.0        2
3607.0        2
2391.0        2
2147.0        2
2942.0        2
3180.0        2
1546.0        2
2644.0        2
1914.0        2
2484.0        2
3049.0        2
2531.0        2
2045.0        2
2208.0        2
1658.0        2
1900.0        2
1247.0        2
4134.0        2
1788.0        2
4450.0        2
1507.0        2
2381.0        2
2957.0        2
1906.0        2
4269.0        2
4058.0        2
3186.0        2
2070.0        2
1667.0        2
2077.0        2
1410.0        2
1479.0        2
2203.0        2
2473.0        2
12406.0       2
2612.0        2
3026.0        2
3069.0        2
2184.0        2
2462.0        2
1750.0        2
2281.0        2
3733.0        2
3889.0        2
1550.0        2
1536.0        2
1382.0        2
2413.0        2
13244.0       2
2002.0        2
1517.0        2
3105.0        2
2862.0        2
1796.0        2
2004.0        2
1915.0        2
1969.0        2
2945.0        2
2909.0        2
2037.0        2
1434.0        2
4478.0        2
2141.0        2
1961.0        2
1911.0        2
1923.0        2
1402.0        2
2821.0        2
4038.0        2
2101.0        2
1814.0        2
1813.0        2
3468.0        2
4020.0        2
1630.0        2
1611.0        2
1879.0        2
1576.0        2
2892.0        2
4001.0        2
2454.0        2
1793.0        2
2262.0        2
2820.0        2
1916.0        2
1251.0        2
2105.0        2
1182.0        2
4324.0        2
2049.0        2
3301.0        2
1555.0        2
1623.0        2
2397.0        2
2363.0        2
4071.0        2
1656.0        2
3327.0        2
1892.0        2
4350.0        2
2809.0        2
1432.0        2
3165.0        2
1834.0        2
1278.0        2
1547.0        2
2236.0        2
4046.0        2
3490.0        2
2156.0        2
4034.0        2
2366.0        2
1375.0        2
1729.0        2
1671.0        2
3071.0        2
1677.0        2
1578.0        2
2582.0        2
1537.0        2
4677.0        2
2290.0        2
2561.0        2
1722.0        2
3398.0        2
1404.0        2
2154.0        2
2323.0        2
2588.0        2
1580.0        2
1634.0        2
2337.0        2
1713.0        2
1639.0        2
2751.0        2
1542.0        2
2515.0        2
3501.0        2
1523.0        2
4156.0        2
2241.0        2
2891.0        2
2790.0        2
1135.0        2
2008.0        2
1635.0        2
1193.0        2
2058.0        2
1619.0        2
1476.0        2
2365.0        2
1467.0        2
2377.0        2
1262.0        2
2194.0        2
2201.0        2
1843.0        2
1912.0        2
1669.0        2
895.0         2
1950.0        2
4918.0        2
1592.0        2
1746.0        2
1919.0        2
1466.0        2
2411.0        2
1735.0        2
2327.0        2
2785.0        2
1917.0        2
1282.0        2
3223.0        2
1802.0        2
2132.0        2
2527.0        2
1896.0        2
1237.0        2
2134.0        2
3512.0        2
1363.0        2
3628.0        2
2107.0        2
1685.0        2
1872.0        2
2061.0        2
2407.0        2
2099.0        2
2666.0        2
2382.0        2
2025.0        2
1379.0        2
1978.0        2
1810.0        2
2068.0        2
1930.0        2
1325.0        2
1352.0        2
3618.0        2
2207.0        2
4922.0        2
1971.0        2
1993.0        2
2362.0        2
2841.0        2
4312.0        2
1721.0        2
3552.0        2
2121.0        2
1690.0        2
1484.0        2
1838.0        2
2440.0        2
1787.0        2
2834.0        2
1587.0        2
2112.0        2
2361.0        2
1654.0        2
1227.0        2
1256.0        2
1259.0        2
1652.0        2
1333.0        2
2289.0        2
13957.0       2
3380.0        2
1831.0        2
2503.0        2
1717.0        2
6377.0        2
5057.0        2
3324.0        2
1322.0        2
3367.0        2
1533.0        2
1561.0        2
4842.0        2
5181.0        2
24645.0       2
24646.0       2
33365.0       2
2428.0        2
1552.0        2
1732.0        2
3159.0        2
1250.0        2
4293.0        2
3722.0        2
3871.0        2
4204.0        2
2846.0        2
1929.0        2
1469.0        2
1389.0        2
1844.0        2
3048.0        2
2719.0        2
4244.0        2
4670.0        2
1679.0        2
1680.0        2
1741.0        2
1407.0        2
1358.0        2
4422.0        2
2879.0        2
1868.0        2
2553.0        2
2450.0        2
4250.0        2
1571.0        2
2639.0        2
12850.0       2
2988.0        2
2220.0        2
3810.0        2
3521.0        2
2867.0        2
5031.0        2
12873.0       2
2400.0        2
2633.0        2
8344.0        2
4177.0        2
2885.0        2
1987.0        2
1937.0        2
2476.0        2
1773.0        2
2657.0        2
2150.0        2
3353.0        2
2209.0        2
2621.0        2
3322.0        2
1895.0        2
3845.0        2
3008.0        2
3416.0        2
2455.0        2
1688.0        2
3963.0        2
1715.0        2
3481.0        2
2064.0        2
3154.0        2
3477.0        2
2055.0        2
1556.0        2
1801.0        2
3621.0        2
2050.0        2
1471.0        2
9850.0        2
2158.0        2
2533.0        2
3284.0        2
1862.0        2
2453.0        2
1431.0        2
5446.0        2
5180.0        2
13524.0       2
1327.0        2
4332.0        2
1970.0        2
2636.0        2
3533.0        2
1707.0        2
2364.0        2
3557.0        2
2449.0        2
1495.0        2
8075.0        2
2437.0        2
2930.0        2
2530.0        2
1664.0        2
3273.0        2
3712.0        2
2615.0        2
4978.0        2
3780.0        2
1998.0        2
4015.0        2
2757.0        2
2544.0        2
3953.0        2
3079.0        2
3479.0        2
4563.0        2
2641.0        2
4048.0        2
4383.0        2
1766.0        2
2222.0        2
2925.0        2
1692.0        2
1951.0        2
2521.0        2
1740.0        2
3891.0        2
2918.0        2
2349.0        2
4847.0        2
2304.0        2
1464.0        2
2178.0        2
2090.0        2
3524.0        2
4105.0        1
2979.0        1
2804.0        1
8969.0        1
8958.0        1
3045.0        1
2542.0        1
3142.0        1
2140.0        1
1644.0        1
4446.0        1
3012.0        1
1946.0        1
2088.0        1
8272.0        1
2643.0        1
5537.0        1
2927.0        1
9107.0        1
5682.0        1
2603.0        1
2240.0        1
9121.0        1
2685.0        1
5228.0        1
4172.0        1
5204.0        1
1815.0        1
2254.0        1
9213.0        1
5075.0        1
8947.0        1
2261.0        1
2934.0        1
1604.0        1
4301.0        1
4659.0        1
8301.0        1
5751.0        1
5738.0        1
5672.0        1
5852.0        1
4452.0        1
4729.0        1
3569.0        1
5885.0        1
3359.0        1
6152.0        1
1575.0        1
7038.0        1
2355.0        1
7063.0        1
8629.0        1
1921.0        1
5741.0        1
2510.0        1
2221.0        1
2551.0        1
2102.0        1
2595.0        1
2429.0        1
2330.0        1
3319.0        1
6972.0        1
3345.0        1
6049.0        1
2571.0        1
5864.0        1
8878.0        1
2202.0        1
2858.0        1
3912.0        1
2233.0        1
1887.0        1
4857.0        1
3873.0        1
2374.0        1
2824.0        1
3620.0        1
2697.0        1
1890.0        1
3991.0        1
4271.0        1
3507.0        1
2082.0        1
2567.0        1
3773.0        1
2378.0        1
1653.0        1
2796.0        1
2392.0        1
5042.0        1
2881.0        1
9405.0        1
2813.0        1
2726.0        1
4866.0        1
2570.0        1
3631.0        1
1073.0        1
2013.0        1
1487.0        1
3396.0        1
1936.0        1
2706.0        1
3294.0        1
2584.0        1
3894.0        1
5344.0        1
5427.0        1
5876.0        1
2758.0        1
4624.0        1
4453.0        1
4169.0        1
4117.0        1
3681.0        1
2744.0        1
2210.0        1
2309.0        1
3058.0        1
1957.0        1
5190.0        1
2197.0        1
4121.0        1
2243.0        1
2205.0        1
3622.0        1
4394.0        1
2188.0        1
3397.0        1
2795.0        1
3041.0        1
1347.0        1
2549.0        1
2200.0        1
3832.0        1
2599.0        1
4458.0        1
3474.0        1
2319.0        1
4824.0        1
4596.0        1
5015.0        1
4263.0        1
5915.0        1
4437.0        1
3289.0        1
4887.0        1
4044.0        1
3673.0        1
3423.0        1
3303.0        1
4502.0        1
2617.0        1
3118.0        1
1362.0        1
4374.0        1
4620.0        1
1395.0        1
4801.0        1
8735.0        1
4821.0        1
7506.0        1
7491.0        1
3190.0        1
3031.0        1
9502.0        1
4506.0        1
1553.0        1
1530.0        1
2138.0        1
1455.0        1
2426.0        1
2900.0        1
2336.0        1
2999.0        1
2063.0        1
2031.0        1
2340.0        1
1733.0        1
1882.0        1
2155.0        1
4102.0        1
3446.0        1
3369.0        1
2951.0        1
2774.0        1
3619.0        1
2326.0        1
3111.0        1
4062.0        1
2276.0        1
1230.0        1
1779.0        1
1726.0        1
4906.0        1
4979.0        1
5324.0        1
2460.0        1
5370.0        1
5436.0        1
2861.0        1
3830.0        1
2556.0        1
3003.0        1
2755.0        1
1724.0        1
3812.0        1
2840.0        1
2955.0        1
2317.0        1
3469.0        1
2871.0        1
3395.0        1
3598.0        1
3687.0        1
4398.0        1
3600.0        1
2014.0        1
1846.0        1
2260.0        1
1570.0        1
1372.0        1
1943.0        1
1302.0        1
2351.0        1
1856.0        1
2373.0        1
2270.0        1
3627.0        1
1628.0        1
2851.0        1
2172.0        1
2079.0        1
3383.0        1
1927.0        1
2127.0        1
2239.0        1
1933.0        1
2479.0        1
3913.0        1
1765.0        1
1583.0        1
1241.0        1
1992.0        1
4547.0        1
2848.0        1
1238.0        1
2190.0        1
2214.0        1
2486.0        1
2035.0        1
2353.0        1
3924.0        1
2359.0        1
3636.0        1
3630.0        1
2802.0        1
1304.0        1
3253.0        1
3309.0        1
2670.0        1
1859.0        1
2315.0        1
2306.0        1
5186.0        1
5980.0        1
1151.0        1
1804.0        1
1972.0        1
4505.0        1
9608.0        1
4482.0        1
10764.0       1
10828.0       1
11104.0       1
11154.0       1
11455.0       1
1601.0        1
1695.0        1
12514.0       1
12802.0       1
12808.0       1
12866.0       1
12871.0       1
2404.0        1
12875.0       1
12881.0       1
3010.0        1
13029.0       1
13030.0       1
2717.0        1
2162.0        1
1952.0        1
2168.0        1
1816.0        1
10745.0       1
3192.0        1
10574.0       1
4013.0        1
2341.0        1
3432.0        1
9899.0        1
1541.0        1
9909.0        1
1999.0        1
2640.0        1
4408.0        1
9914.0        1
4099.0        1
3692.0        1
10172.0       1
3675.0        1
9920.0        1
2664.0        1
1212.0        1
10013.0       1
3023.0        1
1346.0        1
10153.0       1
3559.0        1
10169.0       1
13032.0       1
13033.0       1
1337.0        1
2554.0        1
1989.0        1
1977.0        1
1525.0        1
1963.0        1
2994.0        1
1821.0        1
4557.0        1
2415.0        1
2334.0        1
1705.0        1
2478.0        1
2911.0        1
2573.0        1
3004.0        1
3047.0        1
3060.0        1
1496.0        1
3061.0        1
4375.0        1
4479.0        1
1731.0        1
4481.0        1
2815.0        1
2157.0        1
13216.0       1
13579.0       1
2263.0        1
1498.0        1
13341.0       1
13433.0       1
1615.0        1
13438.0       1
13574.0       1
1780.0        1
13576.0       1
3200.0        1
2608.0        1
2026.0        1
2540.0        1
14466.0       1
4850.0        1
2057.0        1
2033.0        1
2030.0        1
1942.0        1
1761.0        1
2005.0        1
1884.0        1
2230.0        1
2251.0        1
3293.0        1
2676.0        1
3918.0        1
3756.0        1
2624.0        1
2835.0        1
8741.0        1
8168.0        1
1881.0        1
1594.0        1
13167.0       1
4412.0        1
3032.0        1
3240.0        1
1994.0        1
2258.0        1
2772.0        1
3428.0        1
3209.0        1
1899.0        1
2783.0        1
3545.0        1
7497.0        1
4040.0        1
3411.0        1
5139.0        1
3288.0        1
2963.0        1
2463.0        1
4752.0        1
3304.0        1
3657.0        1
2043.0        1
1458.0        1
1922.0        1
2333.0        1
4225.0        1
3405.0        1
3406.0        1
5147.0        1
3509.0        1
2534.0        1
5076.0        1
3091.0        1
3659.0        1
3664.0        1
2764.0        1
3094.0        1
3762.0        1
5336.0        1
3887.0        1
2421.0        1
2091.0        1
1271.0        1
2089.0        1
19454.0       1
1368.0        1
3584.0        1
1438.0        1
1863.0        1
2742.0        1
3992.0        1
3440.0        1
3441.0        1
3817.0        1
3725.0        1
3502.0        1
2103.0        1
2500.0        1
2509.0        1
2619.0        1
2684.0        1
1114.0        1
2226.0        1
1411.0        1
2183.0        1
1398.0        1
6855.0        1
2903.0        1
2797.0        1
4673.0        1
4885.0        1
3678.0        1
2264.0        1
2714.0        1
5281.0        1
5279.0        1
1383.0        1
2376.0        1
5771.0        1
4984.0        1
5861.0        1
3808.0        1
8275.0        1
2039.0        1
3435.0        1
2244.0        1
4786.0        1
20415.0       1
27891.0       1
3160.0        1
5873.0        1
2259.0        1
2227.0        1
1655.0        1
1800.0        1
2286.0        1
12284.0       1
7544.0        1
2878.0        1
3095.0        1
13521.0       1
14428.0       1
1782.0        1
3781.0        1
2255.0        1
4035.0        1
2445.0        1
2728.0        1
3763.0        1
3412.0        1
3453.0        1
2969.0        1
3065.0        1
2716.0        1
15435.0       1
17169.0       1
3183.0        1
3573.0        1
3574.0        1
25359.0       1
3455.0        1
31911.0       1
3881.0        1
2252.0        1
2038.0        1
3945.0        1
1451.0        1
1886.0        1
4070.0        1
3511.0        1
2555.0        1
35425.0       1
2872.0        1
2713.0        1
2607.0        1
1442.0        1
2212.0        1
2829.0        1
12402.0       1
1554.0        1
2547.0        1
2995.0        1
1566.0        1
3789.0        1
16051.0       1
1966.0        1
1548.0        1
1702.0        1
4137.0        1
4092.0        1
6501.0        1
6504.0        1
1650.0        1
3892.0        1
3809.0        1
3483.0        1
3522.0        1
3736.0        1
2689.0        1
7148.0        1
4179.0        1
2818.0        1
3269.0        1
2543.0        1
3184.0        1
29771.0       1
25278.0       1
1492.0        1
2693.0        1
3199.0        1
2430.0        1
5133.0        1
5845.0        1
2051.0        1
2375.0        1
2186.0        1
3277.0        1
2318.0        1
4800.0        1
2435.0        1
2389.0        1
6732.0        1
3457.0        1
2368.0        1
2386.0        1
3187.0        1
12409.0       1
2273.0        1
2275.0        1
2492.0        1
1175.0        1
3132.0        1
3282.0        1
2538.0        1
2399.0        1
2283.0        1
3217.0        1
3629.0        1
3400.0        1
2078.0        1
3623.0        1
3596.0        1
2398.0        1
2234.0        1
2422.0        1
3801.0        1
3419.0        1
2044.0        1
2789.0        1
1764.0        1
2589.0        1
2457.0        1
2893.0        1
2133.0        1
2522.0        1
2494.0        1
1742.0        1
1648.0        1
2042.0        1
2047.0        1
4159.0        1
3292.0        1
2396.0        1
2729.0        1
2943.0        1
3982.0        1
2169.0        1
1686.0        1
3232.0        1
4096.0        1
1341.0        1
2837.0        1
2020.0        1
2192.0        1
2444.0        1
2507.0        1
2886.0        1
4959.0        1
4867.0        1
2109.0        1
2468.0        1
1357.0        1
2735.0        1
1590.0        1
3147.0        1
2876.0        1
1359.0        1
3333.0        1
2642.0        1
2628.0        1
2181.0        1
2159.0        1
2069.0        1
3662.0        1
3436.0        1
3215.0        1
2976.0        1
2850.0        1
2836.0        1
2491.0        1
3729.0        1
3983.0        1
3122.0        1
2910.0        1
2842.0        1
2677.0        1
2511.0        1
8465.0        1
8402.0        1
7286.0        1
5637.0        1
3042.0        1
2912.0        1
1596.0        1
4618.0        1
4417.0        1
4210.0        1
4094.0        1
22693.0       1
22416.0       1
21716.0       1
14320.0       1
13230.0       1
7741.0        1
7596.0        1
4870.0        1
2941.0        1
4349.0        1
4192.0        1
1982.0        1
4996.0        1
5338.0        1
5473.0        1
5609.0        1
5919.0        1
6226.0        1
6689.0        1
6848.0        1
8129.0        1
8177.0        1
2302.0        1
3106.0        1
3592.0        1
4338.0        1
4265.0        1
4181.0        1
2313.0        1
1422.0        1
3795.0        1
1378.0        1
1775.0        1
1474.0        1
2124.0        1
4288.0        1
4319.0        1
3869.0        1
2724.0        1
3372.0        1
3492.0        1
3701.0        1
3709.0        1
2179.0        1
3710.0        1
2613.0        1
4415.0        1
3787.0        1
4006.0        1
2870.0        1
1976.0        1
4916.0        1
2794.0        1
2566.0        1
2512.0        1
1518.0        1
2176.0        1
3422.0        1
4218.0        1
2170.0        1
1745.0        1
1710.0        1
3245.0        1
4909.0        1
3503.0        1
3228.0        1
3530.0        1
3191.0        1
3179.0        1
2929.0        1
1926.0        1
3893.0        1
5491.0        1
5623.0        1
6631.0        1
1901.0        1
4264.0        1
2831.0        1
1645.0        1
2704.0        1
2580.0        1
6857.0        1
2335.0        1
1889.0        1
1618.0        1
2152.0        1
2564.0        1
2913.0        1
3994.0        1
3467.0        1
1795.0        1
3831.0        1
2098.0        1
1142.0        1
1798.0        1
3965.0        1
3826.0        1
3317.0        1
2524.0        1
1836.0        1
5567.0        1
3195.0        1
5875.0        1
2204.0        1
7298.0        1
1931.0        1
2516.0        1
2688.0        1
2000.0        1
1737.0        1
2732.0        1
4049.0        1
2604.0        1
7448.0        1
6659.0        1
1627.0        1
3100.0        1
2328.0        1
4033.0        1
1984.0        1
2680.0        1
2352.0        1
2563.0        1
3403.0        1
3504.0        1
2465.0        1
1812.0        1
1988.0        1
2669.0        1
1544.0        1
3637.0        1
3875.0        1
1865.0        1
1730.0        1
3660.0        1
1388.0        1
2592.0        1
3328.0        1
2332.0        1
2074.0        1
4411.0        1
1661.0        1
3027.0        1
3039.0        1
