Value counts for column: TMB_NONSYNONYMOUS

TMB_NONSYNONYMOUS
306.500000    18881
102.366667     5978
88.333333      5328
78.266667      2956
33.866667      2216
9.166667       1251
8.066667       1119
14.866667       884
9.966667        736
8.966667        677
9.233333        646
9.100000        646
8.733333        640
9.400000        639
8.233333        574
7.933333        566
7.400000        530
2.433333        486
2.733333        351
2.366667        322
3.700000        294
1.400000        269
1.433333        260
1.800000        243
1.700000        241
0.933333        236
4.433333        227
1.833333        226
2.900000        214
1.766667        209
3.900000        209
3.133333        207
3.300000        178
4.066667        178
1.533333        176
3.166667        161
3.100000        160
2.966667        159
0.866667        144
1.300000        143
2.400000        138
2.766667        131
2.266667        128
2.000000        128
0.733333        125
2.133333        125
1.066667        122
2.600000        120
1.900000        120
2.300000        119
2.333333        116
2.033333        109
2.200000        109
2.633333        108
2.100000        104
1.566667        102
1.933333         98
1.666667         95
2.066667         87
1.033333         86
1.733333         85
1.500000         77
1.600000         69
1.200000         58
1.133333         52
0.700000         49
0.900000         39
0.633333         39
1.000000         37
0.766667         37
0.800000         34
0.566667         30
0.500000         29
0.433333         22
0.366667         15
