Value counts for column: AGE

AGE
17.00    1027
16.00    1006
12.00     719
8.00      714
3.00      627
4.00      606
6.00      586
9.00      577
5.00      552
10.00     538
14.00     516
13.00     446
11.00     443
11.17     378
7.00      348
9.87      338
NaN       311
15.00     297
19.00     233
9.74      222
21.00     220
1.09      212
2.08      210
18.00     192
20.00     183
14.43     166
13.09     152
25.00     132
23.00     129
24.00     122
22.00     101
15.40      94
2.00       91
1.00       87
9.50       83
15.82      80
11.84      76
6.97       71
11.16      70
16.57      68
4.75       68
1.50       68
4.73       64
11.32      63
15.80      62
0.67       61
2.60       60
5.50       59
14.82      55
8.90       55
0.56       54
0.38       54
22.74      51
12.50      50
12.61      50
11.40      49
1.70       48
10.20      47
4.27       46
13.40      45
4.82       45
1.80       45
15.33      45
2.97       44
26.00      40
8.60       39
3.40       37
7.31       36
8.03       36
7.53       34
13.27      34
5.86       34
5.70       34
11.78      33
6.37       33
10.68      32
3.38       32
3.35       32
6.90       31
3.66       31
9.24       30
13.77      30
9.80       30
3.55       30
6.12       29
6.83       29
5.94       29
15.59      28
2.06       28
10.23      28
12.30      28
11.10      27
9.41       27
9.55       27
17.84      27
8.75       26
10.25      26
14.10      25
2.82       25
3.46       24
14.38      24
17.24      24
13.54      24
3.25       24
9.56       23
2.27       23
5.33       23
9.45       23
0.41       23
0.92       23
5.68       22
3.64       22
13.23      22
1.16       21
2.83       21
6.39       21
4.53       21
12.08      20
1.21       20
3.92       19
11.86      19
3.90       19
1.45       19
5.88       19
4.42       18
11.08      18
13.73      18
4.19       18
6.43       18
9.08       17
4.20       17
4.50       17
5.20       17
6.50       17
1.95       17
15.70      16
1.60       16
4.08       16
0.10       16
11.92      16
9.73       16
4.63       16
17.23      16
9.10       15
8.07       15
2.71       15
8.08       15
1.67       15
13.33      14
3.63       14
18.50      14
2.42       14
15.44      14
1.92       14
0.58       14
12.41      13
5.47       13
2.48       13
11.30      13
17.26      13
6.58       13
5.16       13
7.99       12
3.53       12
5.38       12
6.87       12
0.73       11
9.40       11
8.40       11
2.16       11
1.46       11
3.24       11
0.59       11
0.45       11
0.75       10
1.22       10
8.17       10
3.12       10
13.91      10
0.84       10
5.60       10
15.58      10
1.59        9
7.08        9
3.96        9
2.30        9
1.30        9
2.75        9
2.88        9
8.67        9
4.58        8
2.86        8
3.26        8
3.80        8
0.90        8
12.17       8
0.85        8
5.40        8
12.82       8
15.10       8
3.42        8
4.25        8
5.83        7
9.25        7
10.80       7
3.33        7
3.34        7
0.20        7
4.33        7
0.94        7
2.70        6
0.50        6
0.55        6
2.10        6
0.00        6
0.74        6
5.17        6
1.82        6
13.13       6
3.67        6
16.50       6
2.72        6
1.14        6
8.10        6
10.39       5
0.33        5
1.52        5
7.80        5
0.82        5
7.67        5
2.33        5
1.87        5
1.93        5
5.08        5
11.70       4
1.08        4
2.92        4
0.53        4
6.60        4
17.36       4
7.50        4
2.58        4
0.30        4
8.20        4
4.12        4
1.73        4
3.72        4
0.57        4
9.76        3
2.22        3
17.83       3
16.13       3
13.64       3
13.60       3
8.50        3
5.10        3
4.30        3
1.06        3
0.87        3
17.25       3
2.04        3
18.10       3
1.40        3
0.25        3
2.17        3
7.30        3
0.60        3
10.13       2
2.50        2
11.22       2
1.83        2
1.84        2
6.57        2
1.20        2
0.36        2
0.29        2
1.23        2
0.35        2
14.88       2
12.90       2
5.90        2
2.15        2
16.70       2
11.60       2
11.55       2
2.21        2
8.30        2
6.30        2
2.09        2
3.50        2
9.90        2
7.40        1
1.42        1
2.90        1
6.20        1
1.88        1
4.10        1
1.35        1
2.63        1
9.20        1
15.16       1
4.80        1
8.87        1
17.08       1
10.21       1
13.30       1
4.90        1
3.20        1
