Value counts for column: TMB_NONSYNONYMOUS

TMB_NONSYNONYMOUS
2.500000     994
10.433333    562
2.366667     545
2.533333     535
2.266667     413
8.200000     408
5.933333     364
3.100000     339
5.966667     333
6.466667     333
2.800000     310
3.066667     307
2.933333     302
5.366667     301
5.733333     295
3.033333     283
2.433333     269
2.633333     267
2.566667     261
5.233333     258
2.466667     254
3.333333     252
5.033333     245
4.700000     231
2.833333     224
3.466667     196
3.666667     169
3.433333     166
3.233333     164
3.200000     161
3.000000     153
3.300000     146
3.366667     146
2.866667     143
3.133333     137
2.766667     132
2.600000     127
2.166667     124
2.333333     124
2.400000     121
2.200000     114
3.400000      86
0.500000      48
1.566667      34
1.733333      32
0.333333      26
1.033333      21
1.100000      21
0.433333      18
0.866667      18
0.933333      17
0.666667      13
0.266667      11
0.633333      11
0.600000      10
0.400000       9
0.533333       9
0.233333       9
0.366667       7
0.300000       6
