Value counts for column: Protein_position

Protein_position
NaN        334
184.0       29
84.0        29
94.0        28
81.0        28
8.0         28
224.0       28
152.0       27
202.0       26
69.0        26
120.0       26
230.0       25
295.0       25
169.0       25
121.0       25
141.0       25
63.0        24
156.0       24
216.0       24
44.0        24
79.0        24
119.0       24
13.0        24
85.0        24
199.0       23
168.0       23
242.0       23
235.0       23
73.0        23
68.0        23
66.0        23
267.0       23
160.0       23
129.0       23
95.0        23
108.0       23
251.0       22
269.0       22
279.0       22
64.0        22
17.0        22
93.0        22
30.0        22
142.0       22
274.0       22
148.0       22
220.0       22
122.0       22
32.0        22
305.0       22
209.0       22
53.0        21
222.0       21
138.0       21
125.0       21
187.0       21
272.0       21
36.0        21
72.0        21
27.0        21
193.0       21
343.0       21
29.0        21
105.0       21
183.0       21
158.0       21
208.0       21
86.0        20
257.0       20
238.0       20
14.0        20
345.0       20
107.0       20
60.0        20
146.0       20
101.0       20
317.0       20
106.0       20
133.0       20
40.0        20
241.0       20
153.0       20
128.0       20
229.0       20
38.0        20
116.0       20
145.0       20
161.0       20
112.0       20
157.0       20
96.0        20
89.0        20
204.0       20
31.0        19
248.0       19
164.0       19
223.0       19
185.0       19
181.0       19
15.0        19
50.0        19
123.0       19
117.0       19
82.0        19
350.0       19
47.0        19
176.0       19
384.0       19
174.0       19
263.0       19
331.0       19
179.0       19
177.0       19
12.0        19
61.0        19
302.0       19
276.0       19
288.0       19
188.0       19
113.0       19
213.0       19
59.0        19
298.0       18
432.0       18
102.0       18
127.0       18
56.0        18
286.0       18
75.0        18
43.0        18
77.0        18
71.0        18
83.0        18
54.0        18
136.0       18
190.0       18
4.0         18
165.0       18
376.0       18
371.0       18
196.0       18
80.0        18
134.0       18
217.0       18
62.0        18
35.0        18
255.0       17
78.0        17
425.0       17
166.0       17
203.0       17
52.0        17
103.0       17
180.0       17
167.0       17
449.0       17
110.0       17
296.0       17
48.0        17
162.0       17
197.0       17
200.0       17
151.0       17
219.0       17
340.0       17
211.0       17
236.0       17
240.0       17
97.0        17
205.0       17
99.0        17
311.0       17
163.0       17
114.0       17
271.0       17
70.0        17
91.0        17
51.0        17
284.0       17
194.0       17
74.0        17
41.0        17
159.0       17
280.0       17
9.0         17
270.0       16
34.0        16
439.0       16
49.0        16
293.0       16
109.0       16
250.0       16
10.0        16
225.0       16
370.0       16
387.0       16
330.0       16
178.0       16
352.0       16
283.0       16
315.0       16
39.0        16
126.0       16
28.0        16
139.0       16
175.0       16
130.0       16
226.0       16
462.0       16
140.0       16
16.0        16
210.0       16
33.0        16
135.0       16
281.0       16
321.0       16
21.0        16
147.0       16
118.0       16
351.0       16
55.0        16
115.0       16
19.0        16
212.0       15
58.0        15
300.0       15
258.0       15
312.0       15
20.0        15
192.0       15
334.0       15
131.0       15
319.0       15
154.0       15
214.0       15
22.0        15
207.0       15
57.0        15
368.0       15
25.0        15
266.0       15
98.0        15
307.0       15
76.0        15
335.0       15
346.0       15
395.0       15
290.0       15
435.0       15
42.0        15
430.0       15
253.0       15
46.0        15
380.0       14
318.0       14
23.0        14
383.0       14
104.0       14
434.0       14
409.0       14
456.0       14
297.0       14
92.0        14
239.0       14
11.0        14
261.0       14
363.0       14
410.0       14
90.0        14
262.0       14
337.0       14
313.0       14
451.0       14
247.0       14
475.0       14
111.0       14
472.0       14
438.0       14
365.0       14
124.0       14
477.0       14
301.0       14
374.0       14
171.0       14
310.0       13
195.0       13
469.0       13
304.0       13
87.0        13
361.0       13
522.0       13
172.0       13
386.0       13
245.0       13
455.0       13
198.0       13
24.0        13
6.0         13
399.0       13
254.0       13
227.0       13
433.0       13
215.0       13
233.0       13
45.0        13
26.0        13
149.0       13
492.0       13
306.0       13
249.0       13
37.0        13
244.0       13
428.0       13
285.0       13
234.0       13
798.0       13
237.0       13
461.0       13
441.0       13
362.0       13
571.0       13
265.0       13
231.0       13
273.0       12
320.0       12
303.0       12
264.0       12
520.0       12
349.0       12
308.0       12
316.0       12
530.0       12
342.0       12
65.0        12
466.0       12
665.0       12
382.0       12
536.0       12
336.0       12
548.0       12
2.0         12
186.0       12
67.0        12
519.0       12
206.0       12
600.0       12
538.0       12
450.0       12
100.0       12
182.0       12
602.0       12
385.0       12
539.0       12
377.0       12
155.0       12
191.0       12
299.0       12
505.0       12
453.0       12
228.0       12
564.0       12
498.0       12
333.0       12
479.0       12
347.0       12
189.0       12
357.0       12
501.0       12
173.0       12
246.0       12
454.0       12
327.0       12
398.0       11
309.0       11
201.0       11
252.0       11
144.0       11
3.0         11
388.0       11
326.0       11
150.0       11
143.0       11
132.0       11
416.0       11
88.0        11
332.0       11
289.0       11
731.0       11
401.0       11
354.0       11
389.0       11
260.0       11
422.0       11
485.0       11
525.0       11
652.0       11
503.0       11
344.0       11
480.0       11
243.0       11
221.0       11
471.0       11
493.0       11
275.0       11
259.0       11
446.0       11
628.0       11
540.0       11
506.0       11
339.0       11
366.0       11
18.0        11
397.0       11
604.0       11
322.0       10
473.0       10
447.0       10
641.0       10
570.0       10
443.0       10
278.0       10
390.0       10
421.0       10
232.0       10
608.0       10
568.0       10
323.0       10
355.0       10
843.0       10
562.0       10
440.0       10
426.0       10
491.0       10
523.0       10
463.0       10
324.0       10
420.0       10
170.0       10
359.0       10
526.0       10
372.0       10
392.0       10
663.0       10
353.0       10
282.0       10
137.0       10
369.0       10
415.0       10
470.0       10
561.0       10
494.0       10
673.0        9
218.0        9
583.0        9
442.0        9
400.0        9
452.0        9
360.0        9
445.0        9
419.0        9
578.0        9
396.0        9
356.0        9
375.0        9
294.0        9
373.0        9
291.0        9
615.0        9
511.0        9
7.0          9
460.0        9
402.0        9
614.0        9
328.0        9
507.0        9
379.0        9
606.0        9
429.0        9
509.0        9
677.0        9
358.0        9
704.0        9
381.0        9
618.0        9
760.0        9
550.0        9
431.0        8
490.0        8
408.0        8
591.0        8
465.0        8
521.0        8
478.0        8
412.0        8
582.0        8
656.0        8
488.0        8
589.0        8
464.0        8
630.0        8
391.0        8
325.0        8
625.0        8
502.0        8
515.0        8
549.0        8
516.0        8
497.0        8
413.0        8
393.0        8
849.0        8
637.0        8
545.0        8
407.0        8
489.0        8
467.0        8
588.0        8
601.0        8
594.0        8
411.0        8
639.0        8
620.0        8
436.0        8
609.0        8
648.0        8
646.0        8
367.0        8
919.0        8
640.0        8
277.0        8
314.0        8
1148.0       8
292.0        8
621.0        8
557.0        8
576.0        8
667.0        8
348.0        8
338.0        8
728.0        8
532.0        8
556.0        8
417.0        7
458.0        7
560.0        7
482.0        7
444.0        7
703.0        7
529.0        7
738.0        7
718.0        7
651.0        7
579.0        7
750.0        7
542.0        7
510.0        7
895.0        7
616.0        7
650.0        7
584.0        7
524.0        7
476.0        7
792.0        7
341.0        7
786.0        7
905.0        7
552.0        7
5.0          7
587.0        7
836.0        7
739.0        7
612.0        7
876.0        7
596.0        7
496.0        7
622.0        7
403.0        7
457.0        7
268.0        7
554.0        7
256.0        7
555.0        7
495.0        7
776.0        7
543.0        7
603.0        7
513.0        7
364.0        7
787.0        7
931.0        7
329.0        7
661.0        7
566.0        7
685.0        7
859.0        7
528.0        6
563.0        6
782.0        6
729.0        6
829.0        6
595.0        6
978.0        6
858.0        6
610.0        6
405.0        6
890.0        6
1053.0       6
1025.0       6
424.0        6
680.0        6
720.0        6
813.0        6
924.0        6
414.0        6
664.0        6
706.0        6
617.0        6
546.0        6
611.0        6
897.0        6
808.0        6
590.0        6
535.0        6
527.0        6
500.0        6
508.0        6
531.0        6
459.0        6
487.0        6
483.0        6
607.0        6
644.0        6
669.0        6
631.0        6
765.0        6
881.0        6
1063.0       6
638.0        6
684.0        6
1003.0       6
597.0        6
577.0        6
668.0        6
547.0        6
512.0        6
707.0        6
653.0        6
887.0        6
701.0        6
378.0        6
474.0        6
844.0        6
768.0        6
423.0        6
499.0        6
838.0        6
1785.0       6
643.0        6
866.0        6
569.0        6
534.0        6
427.0        6
741.0        6
793.0        6
533.0        6
716.0        5
896.0        5
832.0        5
772.0        5
406.0        5
551.0        5
802.0        5
852.0        5
634.0        5
404.0        5
980.0        5
632.0        5
559.0        5
773.0        5
481.0        5
585.0        5
1056.0       5
635.0        5
658.0        5
572.0        5
660.0        5
954.0        5
690.0        5
448.0        5
715.0        5
636.0        5
878.0        5
781.0        5
1085.0       5
696.0        5
580.0        5
1291.0       5
821.0        5
514.0        5
865.0        5
676.0        5
711.0        5
1197.0       5
767.0        5
884.0        5
846.0        5
689.0        5
757.0        5
437.0        5
691.0        5
674.0        5
818.0        5
504.0        5
468.0        5
1207.0       5
1028.0       5
1142.0       5
518.0        5
659.0        5
699.0        5
1179.0       5
982.0        5
724.0        5
742.0        5
1204.0       5
746.0        5
692.0        5
418.0        5
666.0        5
605.0        5
688.0        5
586.0        5
733.0        5
796.0        5
826.0        5
756.0        5
855.0        5
675.0        5
783.0        5
633.0        5
517.0        5
839.0        5
700.0        5
1042.0       5
828.0        5
957.0        5
745.0        5
837.0        5
747.0        5
394.0        4
484.0        4
671.0        4
1218.0       4
613.0        4
1024.0       4
902.0        4
710.0        4
727.0        4
567.0        4
1419.0       4
780.0        4
558.0        4
817.0        4
749.0        4
1126.0       4
788.0        4
645.0        4
800.0        4
1136.0       4
955.0        4
1380.0       4
1474.0       4
1175.0       4
619.0        4
807.0        4
657.0        4
930.0        4
574.0        4
835.0        4
1017.0       4
845.0        4
553.0        4
672.0        4
708.0        4
732.0        4
679.0        4
712.0        4
544.0        4
831.0        4
287.0        4
1140.0       4
1127.0       4
1036.0       4
1066.0       4
722.0        4
794.0        4
806.0        4
1459.0       4
952.0        4
894.0        4
734.0        4
871.0        4
573.0        4
1225.0       4
937.0        4
737.0        4
655.0        4
927.0        4
1277.0       4
1005.0       4
642.0        4
695.0        4
775.0        4
599.0        4
755.0        4
1064.0       4
1145.0       4
850.0        4
1033.0       4
789.0        4
1143.0       4
1416.0       4
1079.0       4
698.0        4
693.0        4
1099.0       4
687.0        4
1119.0       4
629.0        4
1131.0       4
975.0        4
790.0        4
1114.0       4
997.0        4
912.0        4
948.0        4
989.0        4
1055.0       4
581.0        4
735.0        4
1410.0       3
486.0        3
682.0        3
819.0        3
1137.0       3
705.0        3
1279.0       3
1912.0       3
714.0        3
888.0        3
848.0        3
754.0        3
1174.0       3
1383.0       3
915.0        3
799.0        3
1030.0       3
779.0        3
662.0        3
899.0        3
752.0        3
1089.0       3
944.0        3
1185.0       3
973.0        3
1188.0       3
943.0        3
935.0        3
1274.0       3
1369.0       3
868.0        3
1587.0       3
1173.0       3
1378.0       3
1210.0       3
1253.0       3
2419.0       3
990.0        3
974.0        3
1420.0       3
1423.0       3
2212.0       3
861.0        3
1259.0       3
1000.0       3
1249.0       3
753.0        3
1154.0       3
1050.0       3
763.0        3
1263.0       3
647.0        3
992.0        3
853.0        3
928.0        3
1105.0       3
774.0        3
1455.0       3
1450.0       3
993.0        3
593.0        3
815.0        3
1040.0       3
1278.0       3
1155.0       3
697.0        3
649.0        3
898.0        3
2807.0       3
803.0        3
1260.0       3
1241.0       3
979.0        3
1082.0       3
820.0        3
1254.0       3
812.0        3
816.0        3
626.0        3
933.0        3
1397.0       3
1303.0       3
1853.0       3
1191.0       3
1130.0       3
1256.0       3
624.0        3
913.0        3
968.0        3
966.0        3
2374.0       3
914.0        3
969.0        3
984.0        3
1340.0       3
889.0        3
1041.0       3
1670.0       3
740.0        3
2155.0       3
1298.0       3
623.0        3
911.0        3
854.0        3
958.0        3
4593.0       3
1035.0       3
900.0        3
934.0        3
764.0        3
1456.0       3
686.0        3
2481.0       3
1628.0       3
721.0        3
939.0        3
1427.0       3
778.0        3
922.0        3
1088.0       3
575.0        3
702.0        3
1168.0       3
797.0        3
886.0        3
1281.0       3
1091.0       3
921.0        3
1001.0       3
1156.0       3
717.0        3
723.0        3
1108.0       3
678.0        3
743.0        3
1596.0       3
867.0        3
981.0        3
834.0        3
1051.0       3
929.0        3
901.0        3
1282.0       3
1159.0       3
1026.0       3
1133.0       3
811.0        3
1726.0       3
1341.0       3
805.0        3
857.0        3
1125.0       3
988.0        3
2527.0       3
709.0        3
1285.0       3
1009.0       3
1073.0       3
2025.0       3
874.0        3
1469.0       3
910.0        3
762.0        3
1517.0       3
744.0        3
814.0        3
1956.0       3
1094.0       3
1027.0       3
1618.0       2
592.0        2
2564.0       2
1134.0       2
856.0        2
823.0        2
833.0        2
2262.0       2
2761.0       2
4213.0       2
1276.0       2
840.0        2
1565.0       2
598.0        2
809.0        2
1011.0       2
2963.0       2
683.0        2
1457.0       2
3538.0       2
3811.0       2
1021.0       2
1426.0       2
1548.0       2
1215.0       2
784.0        2
1823.0       2
1147.0       2
1627.0       2
1221.0       2
2138.0       2
1592.0       2
2862.0       2
932.0        2
1570.0       2
1495.0       2
726.0        2
1436.0       2
1347.0       2
1606.0       2
4204.0       2
3348.0       2
1977.0       2
1769.0       2
1876.0       2
2402.0       2
1019.0       2
2178.0       2
1195.0       2
1624.0       2
1049.0       2
875.0        2
1832.0       2
1170.0       2
804.0        2
1172.0       2
1335.0       2
1584.0       2
654.0        2
1792.0       2
1878.0       2
1698.0       2
2243.0       2
1468.0       2
2342.0       2
801.0        2
730.0        2
2222.0       2
862.0        2
946.0        2
986.0        2
1271.0       2
1581.0       2
1889.0       2
1695.0       2
751.0        2
1560.0       2
777.0        2
1157.0       2
2065.0       2
1703.0       2
1790.0       2
1250.0       2
1034.0       2
1493.0       2
1943.0       2
925.0        2
1809.0       2
1182.0       2
1294.0       2
1795.0       2
1440.0       2
2045.0       2
972.0        2
1167.0       2
1023.0       2
1432.0       2
1345.0       2
1111.0       2
847.0        2
719.0        2
1198.0       2
1301.0       2
842.0        2
1181.0       2
885.0        2
1071.0       2
1680.0       2
1793.0       2
1083.0       2
1595.0       2
1727.0       2
882.0        2
1737.0       2
1361.0       2
2446.0       2
1611.0       2
1961.0       2
976.0        2
1968.0       2
1705.0       2
1660.0       2
1208.0       2
1364.0       2
1585.0       2
1010.0       2
1211.0       2
1566.0       2
766.0        2
1302.0       2
1123.0       2
1258.0       2
771.0        2
1339.0       2
1268.0       2
1643.0       2
1312.0       2
824.0        2
4857.0       2
1371.0       2
1515.0       2
1166.0       2
1141.0       2
1326.0       2
963.0        2
1313.0       2
1144.0       2
2360.0       2
2540.0       2
2009.0       2
2894.0       2
879.0        2
1408.0       2
1200.0       2
1062.0       2
916.0        2
863.0        2
983.0        2
1.0          2
1280.0       2
918.0        2
1899.0       2
1944.0       2
1044.0       2
1324.0       2
1093.0       2
1494.0       2
1018.0       2
1165.0       2
926.0        2
761.0        2
1387.0       2
1183.0       2
1516.0       2
1765.0       2
953.0        2
999.0        2
870.0        2
1227.0       2
1022.0       2
1329.0       2
1612.0       2
1138.0       2
1920.0       2
537.0        2
1343.0       2
1826.0       2
1002.0       2
987.0        2
2255.0       2
949.0        2
1004.0       2
1435.0       2
2517.0       2
694.0        2
1180.0       2
1015.0       2
1731.0       2
1202.0       2
2934.0       2
1065.0       2
2238.0       2
938.0        2
1837.0       2
1356.0       2
923.0        2
1087.0       2
877.0        2
1530.0       2
827.0        2
2076.0       2
1029.0       2
1229.0       2
1008.0       2
1391.0       2
1704.0       2
2098.0       2
1074.0       2
1269.0       2
541.0        2
1194.0       2
1504.0       2
991.0        2
1112.0       2
2220.0       2
1918.0       2
1673.0       2
1016.0       2
1300.0       2
1163.0       2
1236.0       2
1319.0       2
822.0        2
1327.0       2
1586.0       2
2859.0       2
1219.0       2
1879.0       2
1536.0       2
1223.0       2
1095.0       2
1115.0       2
1439.0       2
2311.0       2
1243.0       2
1102.0       2
908.0        2
1232.0       2
1038.0       2
2118.0       2
1926.0       2
1907.0       2
994.0        2
1070.0       2
725.0        2
1898.0       2
2033.0       2
1096.0       2
1308.0       2
1689.0       2
1381.0       2
872.0        2
1395.0       2
3664.0       2
2453.0       2
810.0        2
1106.0       2
2386.0       2
1117.0       2
936.0        2
1192.0       2
1562.0       2
1151.0       2
917.0        2
904.0        2
1171.0       2
1007.0       2
1097.0       2
785.0        2
906.0        2
1067.0       2
956.0        2
961.0        2
1593.0       2
1193.0       2
1846.0       2
1351.0       2
2024.0       2
2159.0       2
1354.0       2
1756.0       2
1212.0       2
8526.0       1
2604.0       1
1209.0       1
2100.0       1
1438.0       1
1357.0       1
1309.0       1
2177.0       1
1350.0       1
2948.0       1
1449.0       1
2250.0       1
2064.0       1
2803.0       1
1558.0       1
2601.0       1
6046.0       1
1239.0       1
5933.0       1
6716.0       1
1580.0       1
5878.0       1
7552.0       1
2273.0       1
20275.0      1
1835.0       1
3620.0       1
1078.0       1
1415.0       1
1233.0       1
1683.0       1
1822.0       1
3527.0       1
3027.0       1
1519.0       1
1146.0       1
1235.0       1
851.0        1
1481.0       1
1613.0       1
1623.0       1
2594.0       1
2034.0       1
1632.0       1
1344.0       1
2277.0       1
1467.0       1
2464.0       1
1080.0       1
5973.0       1
1273.0       1
2662.0       1
1841.0       1
2014.0       1
2979.0       1
1671.0       1
11387.0      1
1129.0       1
2170.0       1
2484.0       1
15280.0      1
16208.0      1
22732.0      1
1545.0       1
28134.0      1
1325.0       1
2355.0       1
1499.0       1
1100.0       1
2007.0       1
23961.0      1
3017.0       1
1201.0       1
1588.0       1
4575.0       1
1589.0       1
1974.0       1
1379.0       1
1418.0       1
1644.0       1
2400.0       1
1936.0       1
6687.0       1
1636.0       1
1714.0       1
791.0        1
1780.0       1
1048.0       1
2192.0       1
1020.0       1
10968.0      1
1805.0       1
2467.0       1
1246.0       1
7972.0       1
4319.0       1
1962.0       1
2615.0       1
1054.0       1
23549.0      1
23256.0      1
2172.0       1
1991.0       1
1338.0       1
1625.0       1
3593.0       1
1411.0       1
1394.0       1
1186.0       1
2566.0       1
5409.0       1
1594.0       1
1169.0       1
1090.0       1
1264.0       1
30062.0      1
1242.0       1
1458.0       1
1320.0       1
1402.0       1
2620.0       1
1641.0       1
1538.0       1
35378.0      1
20218.0      1
2933.0       1
893.0        1
2371.0       1
1575.0       1
1978.0       1
3047.0       1
6697.0       1
35191.0      1
2462.0       1
758.0        1
1116.0       1
2334.0       1
3498.0       1
2597.0       1
1120.0       1
1046.0       1
19959.0      1
20872.0      1
1373.0       1
13766.0      1
16110.0      1
2109.0       1
3310.0       1
1891.0       1
1149.0       1
1031.0       1
4735.0       1
1696.0       1
3566.0       1
28895.0      1
3901.0       1
2621.0       1
1600.0       1
4807.0       1
2223.0       1
2015.0       1
2316.0       1
27012.0      1
14792.0      1
5887.0       1
2689.0       1
4621.0       1
2348.0       1
971.0        1
2668.0       1
2038.0       1
2211.0       1
2269.0       1
2263.0       1
1267.0       1
1318.0       1
1798.0       1
1617.0       1
1128.0       1
996.0        1
736.0        1
1743.0       1
950.0        1
1799.0       1
3283.0       1
795.0        1
1576.0       1
1077.0       1
1549.0       1
920.0        1
1675.0       1
3471.0       1
1328.0       1
1539.0       1
1072.0       1
1222.0       1
1665.0       1
1553.0       1
1717.0       1
2294.0       1
3031.0       1
1567.0       1
2131.0       1
1460.0       1
5033.0       1
1844.0       1
2923.0       1
977.0        1
825.0        1
1376.0       1
1317.0       1
1331.0       1
1546.0       1
1758.0       1
1666.0       1
1842.0       1
1767.0       1
2119.0       1
1763.0       1
2315.0       1
1650.0       1
2039.0       1
3174.0       1
1633.0       1
1135.0       1
1305.0       1
26023.0      1
27736.0      1
959.0        1
3929.0       1
3219.0       1
2749.0       1
1292.0       1
1768.0       1
6717.0       1
2507.0       1
34143.0      1
4376.0       1
3718.0       1
1045.0       1
1333.0       1
1012.0       1
2148.0       1
1047.0       1
1691.0       1
1284.0       1
1213.0       1
31812.0      1
25967.0      1
1719.0       1
1742.0       1
985.0        1
1528.0       1
2810.0       1
2919.0       1
1424.0       1
3236.0       1
2625.0       1
2494.0       1
2356.0       1
1275.0       1
2548.0       1
1060.0       1
3221.0       1
3946.0       1
4217.0       1
3322.0       1
1385.0       1
1475.0       1
1664.0       1
2282.0       1
2521.0       1
2052.0       1
1382.0       1
2144.0       1
2834.0       1
3729.0       1
1247.0       1
6555.0       1
3077.0       1
3938.0       1
5039.0       1
2426.0       1
1110.0       1
2146.0       1
1649.0       1
2149.0       1
1645.0       1
1104.0       1
2124.0       1
3755.0       1
2292.0       1
1817.0       1
942.0        1
1500.0       1
2528.0       1
5368.0       1
8242.0       1
2896.0       1
4148.0       1
1107.0       1
1847.0       1
5634.0       1
3700.0       1
4537.0       1
4063.0       1
4671.0       1
5063.0       1
1577.0       1
1948.0       1
3853.0       1
3390.0       1
3860.0       1
32432.0      1
5346.0       1
2781.0       1
2272.0       1
1037.0       1
27002.0      1
1396.0       1
1362.0       1
1039.0       1
2899.0       1
1706.0       1
3511.0       1
2209.0       1
1690.0       1
2380.0       1
2612.0       1
2608.0       1
1203.0       1
1214.0       1
1511.0       1
1177.0       1
2603.0       1
2103.0       1
1184.0       1
4024.0       1
2452.0       1
3777.0       1
3653.0       1
3083.0       1
770.0        1
2915.0       1
2618.0       1
1265.0       1
998.0        1
1668.0       1
1464.0       1
3222.0       1
1939.0       1
1752.0       1
2649.0       1
1615.0       1
1730.0       1
2077.0       1
1999.0       1
1692.0       1
1470.0       1
1902.0       1
1330.0       1
1993.0       1
1521.0       1
1081.0       1
1868.0       1
2181.0       1
970.0        1
2368.0       1
841.0        1
1529.0       1
1307.0       1
1498.0       1
2717.0       1
1360.0       1
1605.0       1
2424.0       1
2845.0       1
4341.0       1
1950.0       1
2002.0       1
4309.0       1
3436.0       1
4407.0       1
1908.0       1
2978.0       1
3303.0       1
4000.0       1
3125.0       1
3770.0       1
1534.0       1
3978.0       1
3983.0       1
4392.0       1
3068.0       1
2830.0       1
2544.0       1
2995.0       1
1859.0       1
4587.0       1
4745.0       1
3962.0       1
3485.0       1
3025.0       1
1921.0       1
2176.0       1
1503.0       1
1513.0       1
1813.0       1
2224.0       1
2760.0       1
1877.0       1
2879.0       1
1414.0       1
2332.0       1
1984.0       1
1971.0       1
2205.0       1
2791.0       1
1101.0       1
1076.0       1
1240.0       1
1454.0       1
1694.0       1
2345.0       1
2145.0       1
1075.0       1
1828.0       1
1601.0       1
4433.0       1
2336.0       1
5198.0       1
1903.0       1
1068.0       1
1429.0       1
1121.0       1
1286.0       1
2818.0       1
3846.0       1
1711.0       1
3763.0       1
1713.0       1
4444.0       1
3112.0       1
4117.0       1
1732.0       1
4354.0       1
2021.0       1
4474.0       1
1518.0       1
1412.0       1
3495.0       1
1888.0       1
1609.0       1
12299.0      1
1422.0       1
1952.0       1
2093.0       1
2436.0       1
1472.0       1
1836.0       1
1161.0       1
1930.0       1
2924.0       1
1824.0       1
3382.0       1
1996.0       1
1547.0       1
1800.0       1
1336.0       1
3228.0       1
1760.0       1
1642.0       1
1118.0       1
1484.0       1
1086.0       1
1388.0       1
3842.0       1
1937.0       1
681.0        1
2738.0       1
965.0        1
1502.0       1
2265.0       1
1405.0       1
565.0        1
1537.0       1
1332.0       1
5371.0       1
2005.0       1
4326.0       1
2399.0       1
2711.0       1
2776.0       1
1995.0       1
3507.0       1
3753.0       1
1890.0       1
1658.0       1
1834.0       1
1272.0       1
1346.0       1
1158.0       1
1778.0       1
3198.0       1
1061.0       1
3263.0       1
1688.0       1
3158.0       1
3841.0       1
4012.0       1
3665.0       1
1861.0       1
3921.0       1
769.0        1
2569.0       1
2512.0       1
759.0        1
1941.0       1
1367.0       1
2403.0       1
3768.0       1
2302.0       1
1639.0       1
1746.0       1
1462.0       1
1892.0       1
2158.0       1
1304.0       1
1602.0       1
907.0        1
2653.0       1
1551.0       1
1773.0       1
1597.0       1
1764.0       1
909.0        1
1804.0       1
1124.0       1
1699.0       1
2877.0       1
2487.0       1
2043.0       1
2893.0       1
3101.0       1
2671.0       1
1556.0       1
1887.0       1
1441.0       1
1514.0       1
1386.0       1
1228.0       1
1270.0       1
1176.0       1
2514.0       1
4889.0       1
1262.0       1
1532.0       1
2254.0       1
2482.0       1
1678.0       1
3606.0       1
3092.0       1
873.0        1
1059.0       1
1190.0       1
1707.0       1
2675.0       1
1882.0       1
2688.0       1
2497.0       1
2236.0       1
2245.0       1
2500.0       1
2121.0       1
1189.0       1
1230.0       1
951.0        1
1473.0       1
1992.0       1
1479.0       1
2420.0       1
3525.0       1
4564.0       1
4890.0       1
4465.0       1
1491.0       1
1775.0       1
2046.0       1
2561.0       1
1751.0       1
1830.0       1
1407.0       1
3109.0       1
2541.0       1
4831.0       1
4599.0       1
891.0        1
4530.0       1
3706.0       1
5048.0       1
2499.0       1
4734.0       1
1616.0       1
941.0        1
4057.0       1
4095.0       1
1512.0       1
1434.0       1
4135.0       1
3391.0       1
2275.0       1
2001.0       1
2425.0       1
4223.0       1
1252.0       1
1231.0       1
1401.0       1
1445.0       1
1827.0       1
1526.0       1
3577.0       1
3296.0       1
4423.0       1
627.0        1
1525.0       1
1132.0       1
1523.0       1
1542.0       1
1863.0       1
1951.0       1
1006.0       1
1925.0       1
3216.0       1
1784.0       1
1718.0       1
1610.0       1
1322.0       1
3063.0       1
2605.0       1
4214.0       1
4520.0       1
2606.0       1
1032.0       1
4206.0       1
3732.0       1
2706.0       1
2884.0       1
3592.0       1
3944.0       1
2413.0       1
2180.0       1
2154.0       1
4250.0       1
4767.0       1
2545.0       1
1220.0       1
1621.0       1
1370.0       1
1904.0       1
1578.0       1
1676.0       1
1476.0       1
1710.0       1
1982.0       1
1251.0       1
1869.0       1
670.0        1
860.0        1
1723.0       1
2964.0       1
4131.0       1
5051.0       1
1653.0       1
2925.0       1
3779.0       1
4115.0       1
1487.0       1
1897.0       1
2805.0       1
2304.0       1
1477.0       1
2188.0       1
2175.0       1
2900.0       1
1164.0       1
1058.0       1
713.0        1
880.0        1
1323.0       1
4349.0       1
2213.0       1
2217.0       1
2699.0       1
3120.0       1
967.0        1
2101.0       1
1466.0       1
1741.0       1
3084.0       1
2110.0       1
1960.0       1
4118.0       1
2518.0       1
2685.0       1
2352.0       1
1969.0       1
4330.0       1
5505.0       1
2940.0       1
3383.0       1
1293.0       1
1762.0       1
1390.0       1
1619.0       1
3899.0       1
1935.0       1
2634.0       1
1559.0       1
1352.0       1
6412.0       1
6038.0       1
1923.0       1
2472.0       1
1238.0       1
1406.0       1
1682.0       1
1686.0       1
1524.0       1
2927.0       1
3090.0       1
5567.0       1
1754.0       1
